1.388888888888888951e-01 -2.777777777777778317e-02 -1.388888888888904771e-03 -2.638888888888889922e-02 -5.555555555555563574e-03 -2.222222222222223348e-02 -1.388888888888890200e-02 -1.388888888888890200e-02 -1.805555555555556774e-02 -9.722222222222236254e-03 -1.388888888888904771e-03 -1.805555555555556774e-02 2.777777777777777624e-02 2.777777777777777624e-02 -1.388888888888890200e-02 -1.388888888888890200e-02 6.944444444444440590e-03 -3.472222222222224458e-02 -5.555555555555563574e-03 -1.388888888888890200e-02 -1.388888888888904771e-03 -2.222222222222223348e-02 2.777777777777767909e-03 -2.638888888888889922e-02 -1.388888888888904771e-03 -2.222222222222223348e-02 1.111111111111109939e-02 -3.055555555555556496e-02 -9.722222222222236254e-03 -5.555555555555563574e-03 6.944444444444440590e-03 -3.055555555555556496e-02 -1.805555555555556774e-02 -9.722222222222236254e-03 -2.638888888888889922e-02 2.777777777777767909e-03 -5.555555555555563574e-03 -9.722222222222236254e-03 -9.722222222222236254e-03 -1.805555555555556774e-02 -5.555555555555563574e-03 -1.805555555555556774e-02 2.777777777777777624e-02 2.777777777777777624e-02 2.777777777777777624e-02 2.777777777777777624e-02 -5.555555555555563574e-03 -1.805555555555556774e-02 -1.388888888888890200e-02 -1.388888888888890200e-02 -1.805555555555556774e-02 -9.722222222222236254e-03 -1.805555555555556774e-02 -9.722222222222236254e-03 -9.722222222222236254e-03 -1.388888888888890200e-02 -3.472222222222224458e-02 6.944444444444440590e-03 -1.388888888888890200e-02 -9.722222222222236254e-03 -5.555555555555563574e-03 -2.222222222222223348e-02 -5.555555555555563574e-03 -9.722222222222236254e-03 -1.388888888888890200e-02 -1.388888888888890200e-02 -9.722222222222236254e-03 -9.722222222222236254e-03 -1.388888888888904771e-03 -2.638888888888889922e-02 -1.388888888888904771e-03 -2.638888888888889922e-02 -1.388888888888904771e-03 -2.222222222222223348e-02 -1.388888888888890200e-02 -1.388888888888890200e-02 -1.805555555555556774e-02 -5.555555555555563574e-03 2.777777777777767909e-03 -9.722222222222236254e-03 -9.722222222222236254e-03 -1.805555555555556774e-02 2.777777777777767909e-03 -1.805555555555556774e-02 -1.388888888888890200e-02 -5.555555555555563574e-03 -2.638888888888889922e-02 -1.388888888888904771e-03 -3.055555555555556496e-02 2.777777777777767909e-03 -1.388888888888890200e-02 -5.555555555555563574e-03 -5.555555555555563574e-03 -1.805555555555556774e-02 -1.805555555555556774e-02 -9.722222222222236254e-03 -2.638888888888889922e-02 2.777777777777767909e-03 2.777777777777767909e-03 -3.055555555555556496e-02
-2.777777777777778317e-02 1.388888888888888951e-01 -1.388888888888904771e-03 -2.638888888888889922e-02 -5.555555555555563574e-03 -2.222222222222223348e-02 -1.388888888888890200e-02 -1.388888888888890200e-02 -1.805555555555556774e-02 -9.722222222222236254e-03 -1.388888888888904771e-03 -1.805555555555556774e-02 2.777777777777777624e-02 2.777777777777777624e-02 -1.388888888888890200e-02 -1.388888888888890200e-02 6.944444444444440590e-03 -3.472222222222224458e-02 -5.555555555555563574e-03 -1.388888888888890200e-02 -1.388888888888904771e-03 -2.222222222222223348e-02 2.777777777777767909e-03 -2.638888888888889922e-02 -1.388888888888904771e-03 -2.222222222222223348e-02 1.111111111111109939e-02 -3.055555555555556496e-02 -9.722222222222236254e-03 -5.555555555555563574e-03 6.944444444444440590e-03 -3.055555555555556496e-02 -1.805555555555556774e-02 -9.722222222222236254e-03 -2.638888888888889922e-02 2.777777777777767909e-03 -5.555555555555563574e-03 -9.722222222222236254e-03 -9.722222222222236254e-03 -1.805555555555556774e-02 -5.555555555555563574e-03 -1.805555555555556774e-02 2.777777777777777624e-02 2.777777777777777624e-02 2.777777777777777624e-02 2.777777777777777624e-02 -5.555555555555563574e-03 -1.805555555555556774e-02 -1.388888888888890200e-02 -1.388888888888890200e-02 -1.805555555555556774e-02 -9.722222222222236254e-03 -1.805555555555556774e-02 -9.722222222222236254e-03 -9.722222222222236254e-03 -1.388888888888890200e-02 -3.472222222222224458e-02 6.944444444444440590e-03 -1.388888888888890200e-02 -9.722222222222236254e-03 -5.555555555555563574e-03 -2.222222222222223348e-02 -5.555555555555563574e-03 -9.722222222222236254e-03 -1.388888888888890200e-02 -1.388888888888890200e-02 -9.722222222222236254e-03 -9.722222222222236254e-03 -1.388888888888904771e-03 -2.638888888888889922e-02 -1.388888888888904771e-03 -2.638888888888889922e-02 -1.388888888888904771e-03 -2.222222222222223348e-02 -1.388888888888890200e-02 -1.388888888888890200e-02 -1.805555555555556774e-02 -5.555555555555563574e-03 2.777777777777767909e-03 -9.722222222222236254e-03 -9.722222222222236254e-03 -1.805555555555556774e-02 2.777777777777767909e-03 -1.805555555555556774e-02 -1.388888888888890200e-02 -5.555555555555563574e-03 -2.638888888888889922e-02 -1.388888888888904771e-03 -3.055555555555556496e-02 2.777777777777767909e-03 -1.388888888888890200e-02 -5.555555555555563574e-03 -5.555555555555563574e-03 -1.805555555555556774e-02 -1.805555555555556774e-02 -9.722222222222236254e-03 -2.638888888888889922e-02 2.777777777777767909e-03 2.777777777777767909e-03 -3.055555555555556496e-02
-1.388888888888904771e-03 -1.388888888888904771e-03 2.249305555555555503e-01 -1.679861111111111416e-01 3.027777777777773682e-02 -2.888888888888893614e-02 1.319444444444439757e-02 -1.180555555555559688e-02 2.965277777777772239e-02 -2.826388888888893558e-02 -1.118055555555559633e-02 2.965277777777772239e-02 -1.388888888888904771e-03 -1.388888888888904771e-03 1.319444444444439757e-02 -1.180555555555559688e-02 -1.909722222222223764e-02 2.048611111111103833e-02 5.527777777777773127e-02 -6.180555555555559966e-02 3.881944444444440645e-02 -2.888888888888893614e-02 4.736111111111107608e-02 -3.743055555555557801e-02 -1.118055555555559633e-02 2.111111111111105276e-02 3.944444444444442088e-02 -4.597222222222227539e-02 -2.826388888888893558e-02 -1.972222222222226595e-02 -1.909722222222223764e-02 4.027777777777713508e-03 4.652777777777727941e-03 -3.263888888888927253e-03 -1.243055555555558356e-02 -2.638888888888926698e-03 3.027777777777773682e-02 -2.826388888888893558e-02 -2.826388888888893558e-02 2.965277777777772239e-02 -1.972222222222226595e-02 4.652777777777727941e-03 -1.388888888888904771e-03 -1.388888888888904771e-03 -1.388888888888904771e-03 -1.388888888888904771e-03 3.027777777777773682e-02 -2.034722222222226651e-02 3.819444444444439202e-02 -3.680555555555560521e-02 4.652777777777727941e-03 -3.263888888888927253e-03 2.965277777777772239e-02 -2.826388888888893558e-02 2.173611111111106720e-02 -1.180555555555559688e-02 2.048611111111103833e-02 -1.909722222222223764e-02 1.319444444444439757e-02 -2.826388888888893558e-02 5.277777777777742374e-03 -3.888888888888941686e-03 5.277777777777742374e-03 -3.263888888888927253e-03 1.319444444444439757e-02 -1.180555555555559688e-02 -2.826388888888893558e-02 2.173611111111106720e-02 1.381944444444441200e-02 -1.243055555555558356e-02 1.381944444444441200e-02 -1.243055555555558356e-02 3.881944444444440645e-02 -2.888888888888893614e-02 3.819444444444439202e-02 -3.680555555555560521e-02 4.652777777777727941e-03 -1.972222222222226595e-02 7.236111111111107053e-02 -2.826388888888893558e-02 2.173611111111106720e-02 -2.034722222222226651e-02 2.236111111111108163e-02 4.652777777777727941e-03 3.819444444444439202e-02 -4.472222222222226040e-02 -1.243055555555558356e-02 1.381944444444441200e-02 2.902777777777770796e-02 -2.763888888888892115e-02 1.319444444444439757e-02 -1.972222222222226595e-02 -1.972222222222226595e-02 2.965277777777772239e-02 2.965277777777772239e-02 -2.826388888888893558e-02 -1.243055555555558356e-02 -2.638888888888926698e-03 2.236111111111108163e-02 -2.097222222222228094e-02
-2.638888888888889922e-02 -2.638888888888889922e-02 -1.679861111111111416e-01 2.499305555555555447e-01 -2.472222222222225652e-02 5.111111111111107941e-02 6.944444444443864661e-04 2.569444444444438092e-02 -1.159722222222225874e-02 3.798611111111105387e-02 1.256944444444441089e-02 -1.159722222222225874e-02 -2.638888888888889922e-02 -2.638888888888889922e-02 6.944444444443864661e-04 2.569444444444438092e-02 1.215277777777776236e-02 1.423611111111106053e-02 -4.972222222222225096e-02 7.569444444444439757e-02 -3.743055555555557801e-02 5.111111111111107941e-02 -5.013888888888891338e-02 6.381944444444437314e-02 1.256944444444441089e-02 1.111111111111062755e-03 -5.055555555555558966e-02 7.652777777777775015e-02 3.798611111111105387e-02 2.527777777777773238e-02 1.215277777777776236e-02 2.652777777777776125e-02 1.340277777777773571e-02 1.298611111111105942e-02 3.881944444444440645e-02 -1.388888888889105999e-04 -2.472222222222225652e-02 3.798611111111105387e-02 3.798611111111105387e-02 -1.159722222222225874e-02 2.527777777777773238e-02 1.340277777777773571e-02 -2.638888888888889922e-02 -2.638888888888889922e-02 -2.638888888888889922e-02 -2.638888888888889922e-02 -2.472222222222225652e-02 3.840277777777773016e-02 -2.430555555555560798e-02 5.069444444444437536e-02 1.340277777777773571e-02 1.298611111111105942e-02 -1.159722222222225874e-02 3.798611111111105387e-02 -1.201388888888893502e-02 2.569444444444438092e-02 1.423611111111106053e-02 1.215277777777776236e-02 6.944444444443864661e-04 3.798611111111105387e-02 2.777777777777379331e-04 2.611111111111105720e-02 2.777777777777379331e-04 1.298611111111105942e-02 6.944444444443864661e-04 2.569444444444438092e-02 3.798611111111105387e-02 -1.201388888888893502e-02 -1.243055555555558356e-02 3.881944444444440645e-02 -1.243055555555558356e-02 3.881944444444440645e-02 -3.743055555555557801e-02 5.111111111111107941e-02 -2.430555555555560798e-02 5.069444444444437536e-02 1.340277777777773571e-02 2.527777777777773238e-02 -7.513888888888890782e-02 3.798611111111105387e-02 -1.201388888888893502e-02 3.840277777777773016e-02 -2.513888888888890505e-02 1.340277777777773571e-02 -2.430555555555560798e-02 5.027777777777772683e-02 3.881944444444440645e-02 -1.243055555555558356e-02 1.527777777777739043e-03 2.486111111111108385e-02 6.944444444443864661e-04 2.527777777777773238e-02 2.527777777777773238e-02 -1.159722222222225874e-02 -1.159722222222225874e-02 3.798611111111105387e-02 3.881944444444440645e-02 -1.388888888889105999e-04 -2.513888888888890505e-02 5.152777777777772794e-02
-5.555555555555563574e-03 -5.555555555555563574e-03 3.027777777777773682e-02 -2.472222222222225652e-02 2.322222222222222188e-01 -1.711111111111111582e-01 2.777777777777740154e-03 2.777777777777740154e-03 -3.138888888888891060e-02 3.694444444444441866e-02 5.277777777777742374e-03 -6.388888888888916151e-03 -5.555555555555563574e-03 -5.555555555555563574e-03 2.777777777777740154e-03 2.777777777777740154e-03 -1.388888888888897832e-03 6.944444444444392017e-03 4.611111111111107497e-02 -2.222222222222225430e-02 3.027777777777773682e-02 -1.555555555555560021e-02 3.944444444444442088e-02 -2.472222222222225652e-02 5.277777777777742374e-03 -1.555555555555560021e-02 7.777777777777744594e-03 -8.888888888888918371e-03 -1.305555555555557024e-02 -3.888888888888913931e-03 -2.638888888888889228e-02 1.611111111111107608e-02 -6.388888888888916151e-03 1.194444444444442421e-02 2.777777777777379331e-04 -1.055555555555558189e-02 2.111111111111108052e-02 1.194444444444442421e-02 1.194444444444442421e-02 -6.388888888888916151e-03 2.111111111111108052e-02 -3.138888888888891060e-02 -5.555555555555563574e-03 -5.555555555555563574e-03 -5.555555555555563574e-03 -5.555555555555563574e-03 -3.888888888888913931e-03 -6.388888888888916151e-03 2.777777777777773460e-02 -2.222222222222225430e-02 1.861111111111107830e-02 -1.305555555555557024e-02 1.861111111111107830e-02 -1.305555555555557024e-02 1.194444444444442421e-02 2.777777777777740154e-03 5.694444444444438092e-02 -5.138888888888889367e-02 2.777777777777773460e-02 -3.805555555555557856e-02 -3.888888888888913931e-03 9.444444444444394238e-03 2.111111111111108052e-02 -3.805555555555557856e-02 2.777777777777773460e-02 -2.222222222222225430e-02 -1.305555555555557024e-02 1.194444444444442421e-02 5.277777777777742374e-03 2.777777777777379331e-04 3.027777777777773682e-02 -2.472222222222225652e-02 5.277777777777742374e-03 9.444444444444394238e-03 2.777777777777773460e-02 -2.222222222222225430e-02 -3.138888888888891060e-02 2.111111111111108052e-02 3.944444444444442088e-02 -3.805555555555557856e-02 -1.305555555555557024e-02 1.861111111111107830e-02 -1.055555555555558189e-02 1.861111111111107830e-02 2.777777777777740154e-03 -3.888888888888913931e-03 -2.472222222222225652e-02 3.027777777777773682e-02 1.611111111111107608e-02 -1.055555555555558189e-02 2.777777777777773460e-02 -2.888888888888892226e-02 -3.888888888888913931e-03 -6.388888888888916151e-03 1.861111111111107830e-02 -1.305555555555557024e-02 2.777777777777379331e-04 -1.055555555555558189e-02 1.444444444444442643e-02 -8.888888888888918371e-03
-2.222222222222223348e-02 -2.222222222222223348e-02 -2.888888888888893614e-02 5.111111111111107941e-02 -1.711111111111111582e-01 2.488888888888888540e-01 1.111111111111104388e-02 1.111111111111104388e-02 4.944444444444437425e-02 -2.722222222222225874e-02 -3.888888888888941686e-03 2.444444444444437980e-02 -2.222222222222223348e-02 -2.222222222222223348e-02 1.111111111111104388e-02 1.111111111111104388e-02 -5.555555555555563574e-03 2.777777777777773460e-02 -4.055555555555559466e-02 3.611111111111103833e-02 -2.888888888888893614e-02 3.777777777777768797e-02 -4.222222222222225818e-02 5.111111111111107941e-02 -3.888888888888941686e-03 3.777777777777768797e-02 -1.888888888888892725e-02 3.944444444444439313e-02 2.277777777777773016e-02 9.444444444444394238e-03 1.944444444444443088e-02 1.444444444444437092e-02 2.444444444444437980e-02 -2.222222222222264287e-03 2.611111111111105720e-02 7.777777777777744594e-03 -1.555555555555560021e-02 -2.222222222222264287e-03 -2.222222222222264287e-03 2.444444444444437980e-02 -1.555555555555560021e-02 4.944444444444437425e-02 -2.222222222222223348e-02 -2.222222222222223348e-02 -2.222222222222223348e-02 -2.222222222222223348e-02 9.444444444444394238e-03 2.444444444444437980e-02 -1.388888888888895057e-02 3.611111111111103833e-02 -5.555555555556146441e-04 2.277777777777773016e-02 -5.555555555556146441e-04 2.277777777777773016e-02 -2.222222222222264287e-03 1.111111111111104388e-02 -2.222222222222228205e-02 4.444444444444442532e-02 -1.388888888888895057e-02 4.777777777777772461e-02 9.444444444444394238e-03 1.277777777777769352e-02 -1.555555555555560021e-02 4.777777777777772461e-02 -1.388888888888895057e-02 3.611111111111103833e-02 2.277777777777773016e-02 -2.222222222222264287e-03 -3.888888888888941686e-03 2.611111111111105720e-02 -2.888888888888893614e-02 5.111111111111107941e-02 -3.888888888888941686e-03 1.277777777777769352e-02 -1.388888888888895057e-02 3.611111111111103833e-02 4.944444444444437425e-02 -1.555555555555560021e-02 -4.222222222222225818e-02 4.777777777777772461e-02 2.277777777777773016e-02 -5.555555555556146441e-04 7.777777777777744594e-03 -5.555555555556146441e-04 1.111111111111104388e-02 9.444444444444394238e-03 5.111111111111107941e-02 -2.888888888888893614e-02 1.444444444444437092e-02 7.777777777777744594e-03 -1.388888888888895057e-02 3.444444444444438869e-02 9.444444444444394238e-03 2.444444444444437980e-02 -5.555555555556146441e-04 2.277777777777773016e-02 2.611111111111105720e-02 7.777777777777744594e-03 -1.722222222222224985e-02 3.944444444444439313e-02
-1.388888888888890200e-02 -1.388888888888890200e-02 1.319444444444439757e-02 6.944444444443864661e-04 2.777777777777740154e-03 1.111111111111104388e-02 2.430555555555555802e-01 -1.736111111111111605e-01 2.152777777777772905e-02 -7.638888888888945017e-03 3.819444444444439202e-02 -3.472222222222265398e-03 -1.388888888888890200e-02 -1.388888888888890200e-02 -1.805555555555560243e-02 3.194444444444438647e-02 -1.597222222222224874e-02 2.986111111111103278e-02 2.777777777777740154e-03 -1.805555555555560243e-02 -1.180555555555559688e-02 1.111111111111104388e-02 2.361111111111108274e-02 -2.430555555555560798e-02 1.319444444444439757e-02 -1.388888888888895057e-02 -5.555555555555591329e-03 1.527777777777769574e-02 1.736111111111104943e-02 2.777777777777740154e-03 -1.597222222222224874e-02 4.027777777777769019e-02 2.152777777777772905e-02 -7.638888888888945017e-03 2.569444444444438092e-02 -2.638888888888892004e-02 5.277777777777772905e-02 -3.263888888888893947e-02 4.236111111111104388e-02 -2.847222222222225985e-02 2.777777777777740154e-03 2.152777777777772905e-02 -1.388888888888890200e-02 -1.388888888888890200e-02 -1.388888888888890200e-02 -1.388888888888890200e-02 5.277777777777772905e-02 -5.347222222222225430e-02 6.944444444444392017e-03 6.944444444444392017e-03 -3.472222222222265398e-03 1.736111111111104943e-02 2.152777777777772905e-02 -7.638888888888945017e-03 -7.638888888888945017e-03 6.944444444444392017e-03 4.861111111111038330e-03 9.027777777777759582e-03 -1.805555555555560243e-02 1.736111111111104943e-02 2.777777777777773460e-02 -1.388888888888895057e-02 -2.222222222222225430e-02 6.736111111111103833e-02 3.194444444444438647e-02 -1.805555555555560243e-02 4.236111111111104388e-02 -7.638888888888945017e-03 6.319444444444438647e-02 -4.930555555555560243e-02 1.319444444444439757e-02 6.944444444443864661e-04 1.319444444444439757e-02 -1.388888888888895057e-02 3.194444444444438647e-02 -1.805555555555560243e-02 -3.472222222222265398e-03 2.777777777777740154e-03 -1.388888888888911710e-03 1.736111111111104943e-02 1.736111111111104943e-02 -3.472222222222265398e-03 2.361111111111108274e-02 -5.347222222222225430e-02 3.194444444444438647e-02 -2.222222222222225430e-02 2.569444444444438092e-02 -1.180555555555559688e-02 1.527777777777769574e-02 -1.388888888888911710e-03 6.944444444444392017e-03 -2.222222222222225430e-02 2.777777777777740154e-03 -3.472222222222265398e-03 2.152777777777772905e-02 -7.638888888888945017e-03 2.569444444444438092e-02 -2.638888888888892004e-02 2.361111111111108274e-02 -9.722222222222298704e-03
-1.388888888888890200e-02 -1.388888888888890200e-02 -1.180555555555559688e-02 2.569444444444438092e-02 2.777777777777740154e-03 1.111111111111104388e-02 -1.736111111111111605e-01 2.430555555555555802e-01 -3.472222222222265398e-03 1.736111111111104943e-02 -3.680555555555560521e-02 2.152777777777772905e-02 -1.388888888888890200e-02 -1.388888888888890200e-02 3.194444444444438647e-02 -1.805555555555560243e-02 9.027777777777759582e-03 4.861111111111038330e-03 2.777777777777740154e-03 3.194444444444438647e-02 1.319444444444439757e-02 1.111111111111104388e-02 -2.638888888888892004e-02 5.069444444444437536e-02 -1.180555555555559688e-02 3.611111111111103833e-02 -5.555555555555591329e-03 1.527777777777769574e-02 -7.638888888888945017e-03 2.777777777777740154e-03 9.027777777777759582e-03 -9.722222222222298704e-03 -3.472222222222265398e-03 1.736111111111104943e-02 6.944444444443864661e-04 2.361111111111108274e-02 -4.722222222222226262e-02 4.236111111111104388e-02 -3.263888888888893947e-02 4.652777777777772350e-02 2.777777777777740154e-03 -3.472222222222265398e-03 -1.388888888888890200e-02 -1.388888888888890200e-02 -1.388888888888890200e-02 -1.388888888888890200e-02 -4.722222222222226262e-02 7.152777777777771795e-02 6.944444444444392017e-03 6.944444444444392017e-03 2.152777777777772905e-02 -7.638888888888945017e-03 -3.472222222222265398e-03 1.736111111111104943e-02 1.736111111111104943e-02 6.944444444444392017e-03 2.986111111111103278e-02 -1.597222222222224874e-02 3.194444444444438647e-02 -7.638888888888945017e-03 -2.222222222222225430e-02 3.611111111111103833e-02 2.777777777777773460e-02 -5.763888888888894779e-02 -1.805555555555560243e-02 3.194444444444438647e-02 -3.263888888888893947e-02 1.736111111111104943e-02 -6.180555555555559966e-02 7.569444444444439757e-02 -1.180555555555559688e-02 2.569444444444438092e-02 -1.180555555555559688e-02 3.611111111111103833e-02 -1.805555555555560243e-02 3.194444444444438647e-02 2.152777777777772905e-02 2.777777777777740154e-03 -1.388888888888911710e-03 -7.638888888888945017e-03 -7.638888888888945017e-03 2.152777777777772905e-02 -2.638888888888892004e-02 7.152777777777771795e-02 -1.805555555555560243e-02 2.777777777777773460e-02 6.944444444443864661e-04 1.319444444444439757e-02 1.527777777777769574e-02 -1.388888888888911710e-03 6.944444444444392017e-03 2.777777777777773460e-02 2.777777777777740154e-03 2.152777777777772905e-02 -3.472222222222265398e-03 1.736111111111104943e-02 6.944444444443864661e-04 2.361111111111108274e-02 -2.638888888888892004e-02 4.027777777777769019e-02
-1.805555555555556774e-02 -1.805555555555556774e-02 2.965277777777772239e-02 -1.159722222222225874e-02 -3.138888888888891060e-02 4.944444444444437425e-02 2.152777777777772905e-02 -3.472222222222265398e-03 2.465972222222222454e-01 -1.729861111111111460e-01 4.652777777777727941e-03 -1.451388888888893725e-02 -1.805555555555556774e-02 -1.805555555555556774e-02 4.652777777777772350e-02 -2.847222222222225985e-02 1.736111111111104943e-03 1.631944444444435871e-02 1.861111111111107830e-02 -3.472222222222265398e-03 4.652777777777727941e-03 -5.555555555556146441e-04 4.069444444444442199e-02 -3.659722222222225319e-02 4.652777777777727941e-03 2.444444444444437980e-02 1.277777777777774904e-02 2.736111111111105831e-02 -1.743055555555558800e-02 1.861111111111107830e-02 2.673611111111109939e-02 2.361111111111063865e-03 1.048611111111105720e-02 7.569444444444406450e-03 3.840277777777773016e-02 -9.305555555555566905e-03 1.861111111111107830e-02 -4.243055555555558245e-02 -1.743055555555558800e-02 3.548611111111105165e-02 1.861111111111107830e-02 -1.451388888888893725e-02 -1.805555555555556774e-02 -1.805555555555556774e-02 -1.805555555555556774e-02 -1.805555555555556774e-02 1.861111111111107830e-02 1.048611111111105720e-02 -3.472222222222265398e-03 2.152777777777772905e-02 -3.951388888888893169e-02 5.756944444444439535e-02 -1.451388888888893725e-02 3.256944444444440090e-02 -4.243055555555558245e-02 4.652777777777772350e-02 1.631944444444435871e-02 1.736111111111104943e-03 2.152777777777772905e-02 -1.743055555555558800e-02 1.861111111111107830e-02 -5.555555555556146441e-04 -6.388888888888916151e-03 3.256944444444440090e-02 -3.472222222222265398e-03 2.152777777777772905e-02 7.569444444444406450e-03 -1.743055555555558800e-02 -2.034722222222226651e-02 3.840277777777773016e-02 4.652777777777727941e-03 1.340277777777773571e-02 4.652777777777727941e-03 -5.555555555556146441e-04 2.152777777777772905e-02 -3.472222222222265398e-03 6.048611111111104610e-02 -5.638888888888891893e-02 1.569444444444442754e-02 -1.743055555555558800e-02 -1.743055555555558800e-02 3.548611111111105165e-02 -9.305555555555566905e-03 3.548611111111105165e-02 2.152777777777772905e-02 -3.138888888888891060e-02 6.340277777777775237e-02 -4.534722222222227483e-02 2.736111111111105831e-02 -9.305555555555566905e-03 2.152777777777772905e-02 -6.388888888888916151e-03 -6.388888888888916151e-03 3.548611111111105165e-02 3.548611111111105165e-02 -1.743055555555558800e-02 1.340277777777773571e-02 -9.305555555555566905e-03 1.569444444444442754e-02 2.361111111111063865e-03
-9.722222222222236254e-03 -9.722222222222236254e-03 -2.826388888888893558e-02 3.798611111111105387e-02 3.694444444444441866e-02 -2.722222222222225874e-02 -7.638888888888945017e-03 1.736111111111104943e-02 -1.729861111111111460e-01 2.382638888888889139e-01 -3.263888888888927253e-03 3.256944444444440090e-02 -9.722222222222236254e-03 -9.722222222222236254e-03 -3.263888888888893947e-02 4.236111111111104388e-02 -8.680555555555580227e-03 1.840277777777771240e-02 -1.305555555555557024e-02 1.736111111111104943e-02 -3.263888888888927253e-03 2.277777777777773016e-02 -4.347222222222224541e-02 6.298611111111104832e-02 -3.263888888888927253e-03 -2.222222222222264287e-03 -2.388888888888891782e-02 3.194444444444388687e-03 2.715277777777774793e-02 -1.305555555555557024e-02 -3.368055555555557468e-02 2.819444444444438314e-02 7.569444444444406450e-03 2.152777777777753476e-03 -1.201388888888893502e-02 6.527777777777757362e-03 -1.305555555555557024e-02 5.215277777777774237e-02 2.715277777777774793e-02 -1.743055555555558800e-02 -1.305555555555557024e-02 3.256944444444440090e-02 -9.722222222222236254e-03 -9.722222222222236254e-03 -9.722222222222236254e-03 -9.722222222222236254e-03 -1.305555555555557024e-02 7.569444444444406450e-03 1.736111111111104943e-02 -7.638888888888945017e-03 5.756944444444439535e-02 -4.784722222222224930e-02 3.256944444444440090e-02 -2.284722222222224097e-02 5.215277777777774237e-02 -3.263888888888893947e-02 1.840277777777771240e-02 -8.680555555555580227e-03 -7.638888888888945017e-03 2.715277777777774793e-02 -1.305555555555557024e-02 2.277777777777773016e-02 1.194444444444442421e-02 -2.284722222222224097e-02 1.736111111111104943e-02 -7.638888888888945017e-03 2.152777777777753476e-03 2.715277777777774793e-02 2.173611111111106720e-02 -1.201388888888893502e-02 -3.263888888888927253e-03 1.298611111111105942e-02 -3.263888888888927253e-03 2.277777777777773016e-02 -7.638888888888945017e-03 1.736111111111104943e-02 -4.243055555555558245e-02 6.194444444444441311e-02 -1.847222222222225096e-02 2.715277777777774793e-02 2.715277777777774793e-02 -1.743055555555558800e-02 6.527777777777757362e-03 -1.743055555555558800e-02 -7.638888888888945017e-03 3.694444444444441866e-02 -3.701388888888892947e-02 4.673611111111106164e-02 3.194444444444388687e-03 6.527777777777757362e-03 -7.638888888888945017e-03 1.194444444444442421e-02 1.194444444444442421e-02 -1.743055555555558800e-02 -1.743055555555558800e-02 2.715277777777774793e-02 1.298611111111105942e-02 6.527777777777757362e-03 -1.847222222222225096e-02 2.819444444444438314e-02
-1.388888888888904771e-03 -1.388888888888904771e-03 -1.118055555555559633e-02 1.256944444444441089e-02 5.277777777777742374e-03 -3.888888888888941686e-03 3.819444444444439202e-02 -3.680555555555560521e-02 4.652777777777727941e-03 -3.263888888888927253e-03 2.249305555555555503e-01 -1.509027777777778301e-01 -1.388888888888904771e-03 -1.388888888888904771e-03 1.319444444444439757e-02 -1.180555555555559688e-02 5.902777777777756807e-03 -4.513888888888956119e-03 -4.472222222222226040e-02 3.819444444444439202e-02 1.381944444444441200e-02 -2.888888888888893614e-02 2.236111111111108163e-02 -3.743055555555557801e-02 1.381944444444441200e-02 -3.888888888888941686e-03 1.444444444444441256e-02 4.027777777777713508e-03 2.173611111111106720e-02 5.277777777777742374e-03 -1.909722222222223764e-02 2.902777777777770796e-02 2.965277777777772239e-02 -2.826388888888893558e-02 3.756944444444440534e-02 -2.763888888888892115e-02 5.277777777777742374e-03 -3.263888888888927253e-03 7.173611111111105609e-02 -7.034722222222226928e-02 -1.972222222222226595e-02 2.965277777777772239e-02 -1.388888888888904771e-03 -1.388888888888904771e-03 -1.388888888888904771e-03 -1.388888888888904771e-03 3.027777777777773682e-02 -2.034722222222226651e-02 -3.680555555555560521e-02 3.819444444444439202e-02 2.965277777777772239e-02 -2.826388888888893558e-02 4.652777777777727941e-03 -3.263888888888927253e-03 2.173611111111106720e-02 -3.680555555555560521e-02 4.548611111111103278e-02 -4.409722222222223903e-02 -1.180555555555559688e-02 -3.263888888888927253e-03 5.527777777777773127e-02 -5.388888888888894446e-02 3.027777777777773682e-02 -3.263888888888927253e-03 3.819444444444439202e-02 -3.680555555555560521e-02 7.173611111111105609e-02 -5.326388888888893003e-02 3.881944444444440645e-02 -3.743055555555557801e-02 3.881944444444440645e-02 -3.743055555555557801e-02 -1.118055555555559633e-02 2.111111111111105276e-02 3.819444444444439202e-02 -3.680555555555560521e-02 -4.534722222222227483e-02 3.027777777777773682e-02 -2.638888888888926698e-03 -2.826388888888893558e-02 4.673611111111106164e-02 -4.534722222222227483e-02 2.236111111111108163e-02 -2.034722222222226651e-02 -1.180555555555559688e-02 5.277777777777742374e-03 1.256944444444441089e-02 -1.118055555555559633e-02 5.402777777777770241e-02 -5.263888888888892253e-02 3.819444444444439202e-02 -4.472222222222226040e-02 5.527777777777773127e-02 -7.034722222222226928e-02 5.465277777777771684e-02 -5.326388888888893003e-02 1.256944444444441089e-02 -2.763888888888892115e-02 4.736111111111107608e-02 -4.597222222222227539e-02
-1.805555555555556774e-02 -1.805555555555556774e-02 2.965277777777772239e-02 -1.159722222222225874e-02 -6.388888888888916151e-03 2.444444444444437980e-02 -3.472222222222265398e-03 2.152777777777772905e-02 -1.451388888888893725e-02 3.256944444444440090e-02 -1.509027777777778301e-01 2.465972222222222454e-01 -1.805555555555556774e-02 -1.805555555555556774e-02 -2.847222222222225985e-02 4.652777777777772350e-02 -2.326388888888890338e-02 4.131944444444438092e-02 4.361111111111107275e-02 -2.847222222222225985e-02 4.652777777777727941e-03 2.444444444444437980e-02 -3.430555555555557523e-02 6.340277777777775237e-02 -2.034722222222226651e-02 2.444444444444437980e-02 -1.222222222222225929e-02 2.361111111111063865e-03 -1.743055555555558800e-02 -6.388888888888916151e-03 -2.326388888888890338e-02 2.736111111111105831e-02 -1.451388888888893725e-02 3.256944444444440090e-02 -3.659722222222225319e-02 4.069444444444442199e-02 -6.388888888888916151e-03 3.256944444444440090e-02 -4.243055555555558245e-02 6.048611111111104610e-02 -6.388888888888916151e-03 1.048611111111105720e-02 -1.805555555555556774e-02 -1.805555555555556774e-02 -1.805555555555556774e-02 -1.805555555555556774e-02 -6.388888888888916151e-03 1.048611111111105720e-02 4.652777777777772350e-02 -2.847222222222225985e-02 1.048611111111105720e-02 7.569444444444406450e-03 3.548611111111105165e-02 -1.743055555555558800e-02 7.569444444444406450e-03 2.152777777777772905e-02 -8.680555555555635738e-03 2.673611111111109939e-02 2.152777777777772905e-02 7.569444444444406450e-03 -3.138888888888891060e-02 4.944444444444437425e-02 -3.138888888888891060e-02 3.256944444444440090e-02 -2.847222222222225985e-02 4.652777777777772350e-02 -4.243055555555558245e-02 5.756944444444439535e-02 -2.034722222222226651e-02 3.840277777777773016e-02 -4.534722222222227483e-02 6.340277777777775237e-02 2.965277777777772239e-02 -2.555555555555560909e-02 -3.472222222222265398e-03 2.152777777777772905e-02 3.548611111111105165e-02 -6.388888888888916151e-03 1.569444444444442754e-02 5.756944444444439535e-02 -1.743055555555558800e-02 3.548611111111105165e-02 -9.305555555555566905e-03 1.048611111111105720e-02 2.152777777777772905e-02 1.861111111111107830e-02 -1.159722222222225874e-02 2.965277777777772239e-02 -2.263888888888893058e-02 4.069444444444442199e-02 -5.347222222222225430e-02 6.861111111111106720e-02 -5.638888888888891893e-02 8.548611111111106831e-02 -3.951388888888893169e-02 5.756944444444439535e-02 -1.159722222222225874e-02 4.069444444444442199e-02 -3.430555555555557523e-02 5.236111111111108052e-02
2.777777777777777624e-02 2.777777777777777624e-02 -1.388888888888904771e-03 -2.638888888888889922e-02 -5.555555555555563574e-03 -2.222222222222223348e-02 -1.388888888888890200e-02 -1.388888888888890200e-02 -1.805555555555556774e-02 -9.722222222222236254e-03 -1.388888888888904771e-03 -1.805555555555556774e-02 1.388888888888888951e-01 -2.777777777777778317e-02 -1.388888888888890200e-02 -1.388888888888890200e-02 6.944444444444440590e-03 -3.472222222222224458e-02 -5.555555555555563574e-03 -1.388888888888890200e-02 -1.388888888888904771e-03 -2.222222222222223348e-02 2.777777777777767909e-03 -2.638888888888889922e-02 -1.388888888888904771e-03 -2.222222222222223348e-02 1.111111111111109939e-02 -3.055555555555556496e-02 -9.722222222222236254e-03 -5.555555555555563574e-03 6.944444444444440590e-03 -3.055555555555556496e-02 -1.805555555555556774e-02 -9.722222222222236254e-03 -2.638888888888889922e-02 2.777777777777767909e-03 -5.555555555555563574e-03 -9.722222222222236254e-03 -9.722222222222236254e-03 -1.805555555555556774e-02 -5.555555555555563574e-03 -1.805555555555556774e-02 2.777777777777777624e-02 2.777777777777777624e-02 2.777777777777777624e-02 2.777777777777777624e-02 -5.555555555555563574e-03 -1.805555555555556774e-02 -1.388888888888890200e-02 -1.388888888888890200e-02 -1.805555555555556774e-02 -9.722222222222236254e-03 -1.805555555555556774e-02 -9.722222222222236254e-03 -9.722222222222236254e-03 -1.388888888888890200e-02 -3.472222222222224458e-02 6.944444444444440590e-03 -1.388888888888890200e-02 -9.722222222222236254e-03 -5.555555555555563574e-03 -2.222222222222223348e-02 -5.555555555555563574e-03 -9.722222222222236254e-03 -1.388888888888890200e-02 -1.388888888888890200e-02 -9.722222222222236254e-03 -9.722222222222236254e-03 -1.388888888888904771e-03 -2.638888888888889922e-02 -1.388888888888904771e-03 -2.638888888888889922e-02 -1.388888888888904771e-03 -2.222222222222223348e-02 -1.388888888888890200e-02 -1.388888888888890200e-02 -1.805555555555556774e-02 -5.555555555555563574e-03 2.777777777777767909e-03 -9.722222222222236254e-03 -9.722222222222236254e-03 -1.805555555555556774e-02 2.777777777777767909e-03 -1.805555555555556774e-02 -1.388888888888890200e-02 -5.555555555555563574e-03 -2.638888888888889922e-02 -1.388888888888904771e-03 -3.055555555555556496e-02 2.777777777777767909e-03 -1.388888888888890200e-02 -5.555555555555563574e-03 -5.555555555555563574e-03 -1.805555555555556774e-02 -1.805555555555556774e-02 -9.722222222222236254e-03 -2.638888888888889922e-02 2.777777777777767909e-03 2.777777777777767909e-03 -3.055555555555556496e-02
2.777777777777777624e-02 2.777777777777777624e-02 -1.388888888888904771e-03 -2.638888888888889922e-02 -5.555555555555563574e-03 -2.222222222222223348e-02 -1.388888888888890200e-02 -1.388888888888890200e-02 -1.805555555555556774e-02 -9.722222222222236254e-03 -1.388888888888904771e-03 -1.805555555555556774e-02 -2.777777777777778317e-02 1.388888888888888951e-01 -1.388888888888890200e-02 -1.388888888888890200e-02 6.944444444444440590e-03 -3.472222222222224458e-02 -5.555555555555563574e-03 -1.388888888888890200e-02 -1.388888888888904771e-03 -2.222222222222223348e-02 2.777777777777767909e-03 -2.638888888888889922e-02 -1.388888888888904771e-03 -2.222222222222223348e-02 1.111111111111109939e-02 -3.055555555555556496e-02 -9.722222222222236254e-03 -5.555555555555563574e-03 6.944444444444440590e-03 -3.055555555555556496e-02 -1.805555555555556774e-02 -9.722222222222236254e-03 -2.638888888888889922e-02 2.777777777777767909e-03 -5.555555555555563574e-03 -9.722222222222236254e-03 -9.722222222222236254e-03 -1.805555555555556774e-02 -5.555555555555563574e-03 -1.805555555555556774e-02 2.777777777777777624e-02 2.777777777777777624e-02 2.777777777777777624e-02 2.777777777777777624e-02 -5.555555555555563574e-03 -1.805555555555556774e-02 -1.388888888888890200e-02 -1.388888888888890200e-02 -1.805555555555556774e-02 -9.722222222222236254e-03 -1.805555555555556774e-02 -9.722222222222236254e-03 -9.722222222222236254e-03 -1.388888888888890200e-02 -3.472222222222224458e-02 6.944444444444440590e-03 -1.388888888888890200e-02 -9.722222222222236254e-03 -5.555555555555563574e-03 -2.222222222222223348e-02 -5.555555555555563574e-03 -9.722222222222236254e-03 -1.388888888888890200e-02 -1.388888888888890200e-02 -9.722222222222236254e-03 -9.722222222222236254e-03 -1.388888888888904771e-03 -2.638888888888889922e-02 -1.388888888888904771e-03 -2.638888888888889922e-02 -1.388888888888904771e-03 -2.222222222222223348e-02 -1.388888888888890200e-02 -1.388888888888890200e-02 -1.805555555555556774e-02 -5.555555555555563574e-03 2.777777777777767909e-03 -9.722222222222236254e-03 -9.722222222222236254e-03 -1.805555555555556774e-02 2.777777777777767909e-03 -1.805555555555556774e-02 -1.388888888888890200e-02 -5.555555555555563574e-03 -2.638888888888889922e-02 -1.388888888888904771e-03 -3.055555555555556496e-02 2.777777777777767909e-03 -1.388888888888890200e-02 -5.555555555555563574e-03 -5.555555555555563574e-03 -1.805555555555556774e-02 -1.805555555555556774e-02 -9.722222222222236254e-03 -2.638888888888889922e-02 2.777777777777767909e-03 2.777777777777767909e-03 -3.055555555555556496e-02
-1.388888888888890200e-02 -1.388888888888890200e-02 1.319444444444439757e-02 6.944444444443864661e-04 2.777777777777740154e-03 1.111111111111104388e-02 -1.805555555555560243e-02 3.194444444444438647e-02 4.652777777777772350e-02 -3.263888888888893947e-02 1.319444444444439757e-02 -2.847222222222225985e-02 -1.388888888888890200e-02 -1.388888888888890200e-02 2.430555555555555802e-01 -1.736111111111111605e-01 -1.597222222222224874e-02 2.986111111111103278e-02 2.777777777777773460e-02 6.944444444444392017e-03 3.819444444444439202e-02 -3.888888888888894502e-02 -1.388888888888911710e-03 6.944444444443864661e-04 -1.180555555555559688e-02 3.611111111111103833e-02 4.444444444444441145e-02 -9.722222222222298704e-03 1.736111111111104943e-02 2.777777777777740154e-03 -1.597222222222224874e-02 1.527777777777769574e-02 -3.472222222222265398e-03 1.736111111111104943e-02 2.569444444444438092e-02 -1.388888888888911710e-03 2.777777777777740154e-03 -3.263888888888893947e-02 -3.263888888888893947e-02 4.652777777777772350e-02 2.777777777777773460e-02 -3.472222222222265398e-03 -1.388888888888890200e-02 -1.388888888888890200e-02 -1.388888888888890200e-02 -1.388888888888890200e-02 2.777777777777740154e-03 2.152777777777772905e-02 -1.805555555555560243e-02 3.194444444444438647e-02 -3.472222222222265398e-03 1.736111111111104943e-02 -2.847222222222225985e-02 4.236111111111104388e-02 -7.638888888888945017e-03 6.944444444444392017e-03 4.861111111111038330e-03 9.027777777777759582e-03 6.944444444444392017e-03 -7.638888888888945017e-03 -4.722222222222226262e-02 6.111111111111103278e-02 2.777777777777740154e-03 -7.638888888888945017e-03 6.944444444444392017e-03 6.944444444444392017e-03 -7.638888888888945017e-03 -7.638888888888945017e-03 -1.180555555555559688e-02 2.569444444444438092e-02 3.819444444444439202e-02 -2.430555555555560798e-02 -6.180555555555559966e-02 8.611111111111105498e-02 -1.805555555555560243e-02 3.194444444444438647e-02 2.152777777777772905e-02 -2.222222222222225430e-02 2.361111111111108274e-02 -3.263888888888893947e-02 4.236111111111104388e-02 -2.847222222222225985e-02 -1.388888888888911710e-03 2.152777777777772905e-02 6.944444444444392017e-03 -2.222222222222225430e-02 2.569444444444438092e-02 -1.180555555555559688e-02 6.527777777777771240e-02 -5.138888888888891449e-02 5.694444444444438092e-02 -2.222222222222225430e-02 2.777777777777773460e-02 -3.472222222222265398e-03 2.152777777777772905e-02 -7.638888888888945017e-03 2.569444444444438092e-02 -2.638888888888892004e-02 -1.388888888888911710e-03 1.527777777777769574e-02
