2.222222222222222376e-01 -1.111111111111111049e-01 1.111111111111111605e-01 -5.555555555555555247e-02 -1.388888888888886730e-02 2.777777777777784562e-02
-1.111111111111111049e-01 1.388888888888888951e-01 -5.555555555555555247e-02 2.777777777777777624e-02 6.944444444444447528e-03 -1.388888888888888118e-02
1.111111111111111605e-01 -5.555555555555555247e-02 2.222222222222222376e-01 -1.111111111111111049e-01 -1.388888888888886730e-02 2.777777777777784562e-02
-5.555555555555555247e-02 2.777777777777777624e-02 -1.111111111111111049e-01 1.388888888888888951e-01 6.944444444444447528e-03 -1.388888888888888118e-02
-1.388888888888886730e-02 6.944444444444447528e-03 -1.388888888888886730e-02 6.944444444444447528e-03 2.065972222222222099e-01 -1.215277777777777485e-01
2.777777777777784562e-02 -1.388888888888888118e-02 2.777777777777784562e-02 -1.388888888888888118e-02 -1.215277777777777485e-01 2.430555555555555525e-01
